Spec[0]= 3567483632.000000 
Spec[1]= 1402758814.000000 
Spec[2]= 906990258.000000 
Spec[3]= 1141669282.000000 
Spec[4]= 982635291.000000 
Spec[5]= 754722932.000000 
Spec[6]= 651355627.000000 
Spec[7]= 541262895.000000 
Spec[8]= 404621326.000000 
Spec[9]= 336889612.000000 
Spec[10]= 275886786.000000 
Spec[11]= 220439213.000000 
Spec[12]= 174838863.000000 
Spec[13]= 137681941.000000 
Spec[14]= 112602865.000000 
Spec[15]= 84529059.000000 
Spec[16]= 67544002.000000 
Spec[17]= 60384642.000000 
Spec[18]= 43446383.000000 
Spec[19]= 37776516.000000 
Spec[20]= 31321729.000000 
Spec[21]= 22787777.000000 
Spec[22]= 20916826.000000 
Spec[23]= 9545942.000000 
Spec[24]= 14190375.000000 
Spec[25]= 10422645.000000 
Spec[26]= 1766107.000000 
Spec[27]= 7314320.000000 
Spec[28]= 7349558.000000 
Spec[29]= 5892155.000000 
Spec[30]= 0.000000 
Spec[31]= 0.000000 
