Spec[0]= 145065.000000 
Spec[1]= 70530.000000 
Spec[2]= 42018.000000 
Spec[3]= 71632.000000 
Spec[4]= 78817.000000 
Spec[5]= 81740.000000 
Spec[6]= 88296.000000 
Spec[7]= 97812.000000 
Spec[8]= 70378.000000 
Spec[9]= 85965.000000 
Spec[10]= 156076.000000 
Spec[11]= 87316.000000 
Spec[12]= 70470.000000 
Spec[13]= 8106.000000 
Spec[14]= 69011.000000 
Spec[15]= 121820.000000 
Spec[16]= 144087.000000 
Spec[17]= 224627.000000 
Spec[18]= 344004.000000 
Spec[19]= 424261.000000 
Spec[20]= 16082.000000 
Spec[21]= 22157.000000 
Spec[22]= 64844.000000 
Spec[23]= 173258.000000 
Spec[24]= 89289.000000 
Spec[25]= 3978649.000000 
Spec[26]= 120368.000000 
Spec[27]= 0.000000 
Spec[28]= 162675.000000 
Spec[29]= 270273.000000 
Spec[30]= 20714807.000000 
Spec[31]= 0.000000 
